Casos Totais desde o inicio
27
27
27
44
44
59
59
59
59
59
59
59
59
59
59
59
59
63
80
216
235
386
571
830
1287
1975
2744
4515
5974
7711
9692
11791
14380
17205
20440
24324
28018
31161
34546
37198
40171
42638
44653
58761
63851
66492
68500
70548
72436
74185
74576
75465
76288
76936
77150
77658
78064
78497
78824
78251
79824
80026
80151
80270
80409
80552
80651
80695
80735
80754
80778
80793
80813
80824
80844
80860
80881
80894
80928
80967
81008
81054
81093
81171
81218
81285
81340
81394
81439
81439
81518
81544
81589
81620
81639
81669
81708
81740
81802
