China Infectados desde o inicio
26
27
28
44
45
48
49
50
51
52
53
54
55
56
57
58
59
62
78
212
232
380
554
771
1208
1870
2613
4349
5739
7417
9308
11289
13748
16369
19383
22942
26302
28985
31774
33738
35982
37626
38791
51591
55748
55873
57416
57934
58016
57805
56301
54921
53284
52093
49824
47765
45600
43258
39919
37414
35129
32616
30004
27423
25353
23784
22179
20533
19016
17721
16136
14831
13524
12088
10733
9893
8967
8043
7263
6569
6013
5353
5120
4735
4287
3947
3460
3128
2691
2691
2161
2004
1863
1727
1558
1376
1299
1242
1190
